Classification Report:
              precision    recall  f1-score   support

           0       0.81      1.00      0.89        85
           1       1.00      0.96      0.98        75
           2       1.00      0.90      0.95        70
           3       0.50      1.00      0.67        55
           4       1.00      0.36      0.52        90
           5       1.00      0.81      0.89        94
           6       1.00      1.00      1.00        44
           7       0.96      1.00      0.98        77
           8       0.95      0.97      0.96       100
           9       1.00      0.92      0.96        65
          10       0.79      0.93      0.86        70

    accuracy                           0.88       825
   macro avg       0.91      0.90      0.88       825
weighted avg       0.92      0.88      0.87       825
